17.8
3
1.3
49
99
0
1 1.0 0.0 -41.6667 0.0 1.0 -0 -41.6667 -0 1730.63
0
0
1 1.0 0.0 -41.2226 0.0 1.0 -6.06671 -41.2226 -6.06671 1730.63
1 1.0 0.0 -49.4672 0.0 1.0 -7.28006 -49.4672 -7.28006 2492.11
1 1.0 0.0 -31.92 0.0 1.0 -9.6033 -31.92 -9.6033 1107.6
1 1.0 0.0 -39.9 0.0 1.0 -12.0041 -39.9 -12.0041 1730.63
0
1 1.0 0.0 -30.1816 0.0 1.0 -14.1486 -30.1816 -14.1486 1107.6
0
0
1 1.0 0.0 -27.7999 0.0 1.0 -18.3923 -27.7999 -18.3923 1107.6
1 1.0 0.0 -34.7499 0.0 1.0 -22.9903 -34.7499 -22.9903 1730.63
1 1.0 0.0 -41.6999 0.0 1.0 -27.5884 -41.6999 -27.5884 2492.11
0
1 1.0 0.0 -31.0322 0.0 1.0 -27.8049 -31.0322 -27.8049 1730.63
0
1 1.0 0.0 -21.3224 0.0 1.0 -25.6216 -21.3224 -25.6216 1107.6
0
1 1.0 0.0 -31.9837 0.0 1.0 -38.4324 -31.9837 -38.4324 2492.11
1 1.0 0.0 -17.3647 0.0 1.0 -28.4531 -17.3647 -28.4531 1107.6
1 1.0 0.0 -21.7059 0.0 1.0 -35.5664 -21.7059 -35.5664 1730.63
1 1.0 0.0 -26.047 0.0 1.0 -42.6796 -26.047 -42.6796 2492.11
0
0
1 1.0 0.0 -19.5552 0.0 1.0 -46.0173 -19.5552 -46.0173 2492.11
1 1.0 0.0 -8.43112 0.0 1.0 -32.2495 -8.43112 -32.2495 1107.6
1 1.0 0.0 -10.5389 0.0 1.0 -40.3118 -10.5389 -40.3118 1730.63
1 1.0 0.0 -12.6467 0.0 1.0 -48.3742 -12.6467 -48.3742 2492.11
1 1.0 0.0 -3.64572 0.0 1.0 -33.1334 -3.64572 -33.1334 1107.6
1 1.0 0.0 -4.55715 0.0 1.0 -41.4167 -4.55715 -41.4167 1730.63
0
0
1 1.0 0.0 1.52174 0.0 1.0 -41.6389 1.52174 -41.6389 1730.63
1 1.0 0.0 1.82608 0.0 1.0 -49.9666 1.82608 -49.9666 2492.11
0
1 1.0 0.0 7.56819 0.0 1.0 -40.9736 7.56819 -40.9736 1730.63
1 1.0 0.0 9.08182 0.0 1.0 -49.1683 9.08182 -49.1683 2492.11
0
0
1 1.0 0.0 16.144 0.0 1.0 -47.322 16.144 -47.322 2492.11
1 1.0 0.0 15.2414 0.0 1.0 -29.6447 15.2414 -29.6447 1107.6
0
1 1.0 0.0 22.8621 0.0 1.0 -44.4671 22.8621 -44.4671 2492.11
1 1.0 0.0 19.3953 0.0 1.0 -27.1097 19.3953 -27.1097 1107.6
0
1 1.0 0.0 29.0929 0.0 1.0 -40.6645 29.0929 -40.6645 2492.11
1 1.0 0.0 23.1358 0.0 1.0 -23.9968 23.1358 -23.9968 1107.6
1 1.0 0.0 28.9197 0.0 1.0 -29.996 28.9197 -29.996 1730.63
0
0
1 1.0 0.0 32.979 0.0 1.0 -25.4656 32.979 -25.4656 1730.63
0
0
1 1.0 0.0 36.3354 0.0 1.0 -20.3924 36.3354 -20.3924 1730.63
1 1.0 0.0 43.6025 0.0 1.0 -24.4709 43.6025 -24.4709 2492.11
1 1.0 0.0 31.1339 0.0 1.0 -11.9077 31.1339 -11.9077 1107.6
1 1.0 0.0 38.9173 0.0 1.0 -14.8846 38.9173 -14.8846 1730.63
0
1 1.0 0.0 32.5359 0.0 1.0 -7.24769 32.5359 -7.24769 1107.6
1 1.0 0.0 40.6698 0.0 1.0 -9.05962 40.6698 -9.05962 1730.63
1 1.0 0.0 48.8038 0.0 1.0 -10.8715 48.8038 -10.8715 2492.11
0
1 1.0 0.0 41.5555 0.0 1.0 -3.0415 41.5555 -3.0415 1730.63
1 1.0 0.0 49.8666 0.0 1.0 -3.6498 49.8666 -3.6498 2492.11
1 1.0 0.0 33.2444 0.0 1.0 2.43315 33.2444 2.43315 1107.6
0
0
1 1.0 0.0 32.5359 0.0 1.0 7.24765 32.5359 7.24765 1107.6
0
0
1 1.0 0.0 31.1339 0.0 1.0 11.9077 31.1339 11.9077 1107.6
1 1.0 0.0 38.9173 0.0 1.0 14.8846 38.9173 14.8846 1730.63
1 1.0 0.0 46.7008 0.0 1.0 17.8615 46.7008 17.8615 2492.11
0
1 1.0 0.0 36.3354 0.0 1.0 20.3924 36.3354 20.3924 1730.63
0
1 1.0 0.0 26.3832 0.0 1.0 20.3724 26.3832 20.3724 1107.6
0
0
1 1.0 0.0 23.1358 0.0 1.0 23.9968 23.1358 23.9968 1107.6
1 1.0 0.0 28.9198 0.0 1.0 29.996 28.9198 29.996 1730.63
1 1.0 0.0 34.7037 0.0 1.0 35.9951 34.7037 35.9951 2492.11
1 1.0 0.0 19.3953 0.0 1.0 27.1096 19.3953 27.1096 1107.6
0
0
1 1.0 0.0 15.2414 0.0 1.0 29.6447 15.2414 29.6447 1107.6
1 1.0 0.0 19.0518 0.0 1.0 37.0559 19.0518 37.0559 1730.63
0
1 1.0 0.0 10.7627 0.0 1.0 31.548 10.7627 31.548 1107.6
1 1.0 0.0 13.4534 0.0 1.0 39.435 13.4534 39.435 1730.63
0
1 1.0 0.0 6.05459 0.0 1.0 32.7789 6.05459 32.7789 1107.6
0
1 1.0 0.0 9.08189 0.0 1.0 49.1683 9.08189 49.1683 2492.11
0
0
1 1.0 0.0 1.82615 0.0 1.0 49.9666 1.82615 49.9666 2492.11
1 1.0 0.0 -3.64567 0.0 1.0 33.1334 -3.64567 33.1334 1107.6
1 1.0 0.0 -4.55709 0.0 1.0 41.4167 -4.55709 41.4167 1730.63
0
1 1.0 0.0 -8.43108 0.0 1.0 32.2495 -8.43108 32.2495 1107.6
0
0
1 1.0 0.0 -13.0368 0.0 1.0 30.6782 -13.0368 30.6782 1107.6
0
0
1 1.0 0.0 -17.3646 0.0 1.0 28.4531 -17.3646 28.4531 1107.6
0
1 1.0 0.0 -26.047 0.0 1.0 42.6797 -26.047 42.6797 2492.11
1 1.0 0.0 -21.3224 0.0 1.0 25.6216 -21.3224 25.6216 1107.6
0
1 1.0 0.0 -31.9836 0.0 1.0 38.4324 -31.9836 38.4324 2492.11
1 1.0 0.0 -24.8257 0.0 1.0 22.244 -24.8257 22.244 1107.6
0
1 1.0 0.0 -37.2386 0.0 1.0 33.366 -37.2386 33.366 2492.11
1 1.0 0.0 -27.7999 0.0 1.0 18.3923 -27.7999 18.3923 1107.6
1 1.0 0.0 -34.7499 0.0 1.0 22.9904 -34.7499 22.9904 1730.63
0
1 1.0 0.0 -30.1816 0.0 1.0 14.1486 -30.1816 14.1486 1107.6
1 1.0 0.0 -37.727 0.0 1.0 17.6857 -37.727 17.6857 1730.63
0
0
0
1 1.0 0.0 -47.88 0.0 1.0 14.405 -47.88 14.405 2492.11
1 1.0 0.0 -32.9781 0.0 1.0 4.85341 -32.9781 4.85341 1107.6
0
1 1.0 0.0 -49.4672 0.0 1.0 7.28012 -49.4672 7.28012 2492.11

