17.8
3
1.3
49
99
1 1.0 0.0 -33.3333 0.0 1.0 -0 -33.3333 -0 1107.6
0
1 1.0 0.0 -50 0.0 1.0 -0 -50 -0 2492.11
1 1.0 0.0 -32.9781 0.0 1.0 -4.85337 -32.9781 -4.85337 1107.6
0
1 1.0 0.0 -49.4672 0.0 1.0 -7.28006 -49.4672 -7.28006 2492.11
0
1 1.0 0.0 -39.9 0.0 1.0 -12.0041 -39.9 -12.0041 1730.63
0
0
1 1.0 0.0 -37.727 0.0 1.0 -17.6857 -37.727 -17.6857 1730.63
0
1 1.0 0.0 -27.7999 0.0 1.0 -18.3923 -27.7999 -18.3923 1107.6
1 1.0 0.0 -34.7499 0.0 1.0 -22.9903 -34.7499 -22.9903 1730.63
0
1 1.0 0.0 -24.8257 0.0 1.0 -22.244 -24.8257 -22.244 1107.6
1 1.0 0.0 -31.0322 0.0 1.0 -27.8049 -31.0322 -27.8049 1730.63
1 1.0 0.0 -37.2386 0.0 1.0 -33.3659 -37.2386 -33.3659 2492.11
1 1.0 0.0 -21.3224 0.0 1.0 -25.6216 -21.3224 -25.6216 1107.6
0
0
1 1.0 0.0 -17.3647 0.0 1.0 -28.4531 -17.3647 -28.4531 1107.6
1 1.0 0.0 -21.7059 0.0 1.0 -35.5664 -21.7059 -35.5664 1730.63
1 1.0 0.0 -26.047 0.0 1.0 -42.6796 -26.047 -42.6796 2492.11
0
1 1.0 0.0 -16.296 0.0 1.0 -38.3478 -16.296 -38.3478 1730.63
1 1.0 0.0 -19.5552 0.0 1.0 -46.0173 -19.5552 -46.0173 2492.11
0
1 1.0 0.0 -10.5389 0.0 1.0 -40.3118 -10.5389 -40.3118 1730.63
0
1 1.0 0.0 -3.64572 0.0 1.0 -33.1334 -3.64572 -33.1334 1107.6
1 1.0 0.0 -4.55715 0.0 1.0 -41.4167 -4.55715 -41.4167 1730.63
1 1.0 0.0 -5.46858 0.0 1.0 -49.7 -5.46858 -49.7 2492.11
1 1.0 0.0 1.21739 0.0 1.0 -33.3111 1.21739 -33.3111 1107.6
0
0
1 1.0 0.0 6.05455 0.0 1.0 -32.7789 6.05455 -32.7789 1107.6
0
0
1 1.0 0.0 10.7627 0.0 1.0 -31.548 10.7627 -31.548 1107.6
0
1 1.0 0.0 16.144 0.0 1.0 -47.322 16.144 -47.322 2492.11
1 1.0 0.0 15.2414 0.0 1.0 -29.6447 15.2414 -29.6447 1107.6
0
0
0
1 1.0 0.0 24.2441 0.0 1.0 -33.8871 24.2441 -33.8871 1730.63
1 1.0 0.0 29.0929 0.0 1.0 -40.6645 29.0929 -40.6645 2492.11
1 1.0 0.0 23.1358 0.0 1.0 -23.9968 23.1358 -23.9968 1107.6
1 1.0 0.0 28.9197 0.0 1.0 -29.996 28.9197 -29.996 1730.63
1 1.0 0.0 34.7037 0.0 1.0 -35.9952 34.7037 -35.9952 2492.11
1 1.0 0.0 26.3832 0.0 1.0 -20.3725 26.3832 -20.3725 1107.6
0
0
0
0
1 1.0 0.0 43.6025 0.0 1.0 -24.4709 43.6025 -24.4709 2492.11
1 1.0 0.0 31.1339 0.0 1.0 -11.9077 31.1339 -11.9077 1107.6
0
1 1.0 0.0 46.7008 0.0 1.0 -17.8616 46.7008 -17.8616 2492.11
1 1.0 0.0 32.5359 0.0 1.0 -7.24769 32.5359 -7.24769 1107.6
0
0
1 1.0 0.0 33.2444 0.0 1.0 -2.4332 33.2444 -2.4332 1107.6
0
1 1.0 0.0 49.8666 0.0 1.0 -3.6498 49.8666 -3.6498 2492.11
0
1 1.0 0.0 41.5555 0.0 1.0 3.04144 41.5555 3.04144 1730.63
0
1 1.0 0.0 32.5359 0.0 1.0 7.24765 32.5359 7.24765 1107.6
0
1 1.0 0.0 48.8038 0.0 1.0 10.8715 48.8038 10.8715 2492.11
0
1 1.0 0.0 38.9173 0.0 1.0 14.8846 38.9173 14.8846 1730.63
1 1.0 0.0 46.7008 0.0 1.0 17.8615 46.7008 17.8615 2492.11
0
1 1.0 0.0 36.3354 0.0 1.0 20.3924 36.3354 20.3924 1730.63
0
1 1.0 0.0 26.3832 0.0 1.0 20.3724 26.3832 20.3724 1107.6
1 1.0 0.0 32.979 0.0 1.0 25.4655 32.979 25.4655 1730.63
0
0
0
1 1.0 0.0 34.7037 0.0 1.0 35.9951 34.7037 35.9951 2492.11
0
1 1.0 0.0 24.2442 0.0 1.0 33.8871 24.2442 33.8871 1730.63
0
1 1.0 0.0 15.2414 0.0 1.0 29.6447 15.2414 29.6447 1107.6
0
1 1.0 0.0 22.8622 0.0 1.0 44.4671 22.8622 44.4671 2492.11
0
1 1.0 0.0 13.4534 0.0 1.0 39.435 13.4534 39.435 1730.63
0
0
1 1.0 0.0 7.56824 0.0 1.0 40.9736 7.56824 40.9736 1730.63
0
1 1.0 0.0 1.21743 0.0 1.0 33.3111 1.21743 33.3111 1107.6
1 1.0 0.0 1.52179 0.0 1.0 41.6389 1.52179 41.6389 1730.63
0
1 1.0 0.0 -3.64567 0.0 1.0 33.1334 -3.64567 33.1334 1107.6
0
0
0
0
1 1.0 0.0 -12.6466 0.0 1.0 48.3742 -12.6466 48.3742 2492.11
1 1.0 0.0 -13.0368 0.0 1.0 30.6782 -13.0368 30.6782 1107.6
1 1.0 0.0 -16.296 0.0 1.0 38.3478 -16.296 38.3478 1730.63
0
0
1 1.0 0.0 -21.7058 0.0 1.0 35.5664 -21.7058 35.5664 1730.63
0
1 1.0 0.0 -21.3224 0.0 1.0 25.6216 -21.3224 25.6216 1107.6
1 1.0 0.0 -26.653 0.0 1.0 32.027 -26.653 32.027 1730.63
0
1 1.0 0.0 -24.8257 0.0 1.0 22.244 -24.8257 22.244 1107.6
1 1.0 0.0 -31.0321 0.0 1.0 27.805 -31.0321 27.805 1730.63
1 1.0 0.0 -37.2386 0.0 1.0 33.366 -37.2386 33.366 2492.11
1 1.0 0.0 -27.7999 0.0 1.0 18.3923 -27.7999 18.3923 1107.6
0
0
1 1.0 0.0 -30.1816 0.0 1.0 14.1486 -30.1816 14.1486 1107.6
0
0
1 1.0 0.0 -31.92 0.0 1.0 9.60334 -31.92 9.60334 1107.6
0
1 1.0 0.0 -47.88 0.0 1.0 14.405 -47.88 14.405 2492.11
1 1.0 0.0 -32.9781 0.0 1.0 4.85341 -32.9781 4.85341 1107.6
0
1 1.0 0.0 -49.4672 0.0 1.0 7.28012 -49.4672 7.28012 2492.11

