19.8
3
1.3
10
150
0
1 1.0 0.0 -41.6667 0.0 1.0 -0 -41.6667 -0 1731.68
1 1.0 0.0 -50 0.0 1.0 -0 -50 -0 2493.62
0
1 1.0 0.0 -41.2949 0.0 1.0 -5.55362 -41.2949 -5.55362 1731.68
0
1 1.0 0.0 -32.149 0.0 1.0 -8.80651 -32.149 -8.80651 1108.28
1 1.0 0.0 -40.1862 0.0 1.0 -11.0081 -40.1862 -11.0081 1731.68
1 1.0 0.0 -48.2235 0.0 1.0 -13.2098 -48.2235 -13.2098 2493.62
0
1 1.0 0.0 -38.3604 0.0 1.0 -16.2662 -38.3604 -16.2662 1731.68
0
1 1.0 0.0 -28.6801 0.0 1.0 -16.9872 -28.6801 -16.9872 1108.28
1 1.0 0.0 -35.8501 0.0 1.0 -21.234 -35.8501 -21.234 1731.68
0
0
0
1 1.0 0.0 -39.24 0.0 1.0 -30.9875 -39.24 -30.9875 2493.62
1 1.0 0.0 -23.1731 0.0 1.0 -23.9608 -23.1731 -23.9608 1108.28
0
0
1 1.0 0.0 -19.7727 0.0 1.0 -26.8357 -19.7727 -26.8357 1108.28
1 1.0 0.0 -24.7158 0.0 1.0 -33.5446 -24.7158 -33.5446 1731.68
1 1.0 0.0 -29.659 0.0 1.0 -40.2535 -29.659 -40.2535 2493.62
0
1 1.0 0.0 -20.0242 0.0 1.0 -36.5396 -20.0242 -36.5396 1731.68
1 1.0 0.0 -24.0291 0.0 1.0 -43.8475 -24.0291 -43.8475 2493.62
1 1.0 0.0 -11.9803 0.0 1.0 -31.106 -11.9803 -31.106 1108.28
1 1.0 0.0 -14.9753 0.0 1.0 -38.8825 -14.9753 -38.8825 1731.68
0
1 1.0 0.0 -7.72735 0.0 1.0 -32.4253 -7.72735 -32.4253 1108.28
1 1.0 0.0 -9.65918 0.0 1.0 -40.5316 -9.65918 -40.5316 1731.68
0
1 1.0 0.0 -3.33653 0.0 1.0 -33.1659 -3.33653 -33.1659 1108.28
1 1.0 0.0 -4.17067 0.0 1.0 -41.4574 -4.17067 -41.4574 1731.68
0
1 1.0 0.0 1.11382 0.0 1.0 -33.3147 1.11382 -33.3147 1108.28
0
1 1.0 0.0 1.67073 0.0 1.0 -49.9721 1.67073 -49.9721 2493.62
0
0
1 1.0 0.0 8.31645 0.0 1.0 -49.3035 8.31645 -49.3035 2493.62
1 1.0 0.0 9.87584 0.0 1.0 -31.8368 9.87584 -31.8368 1108.28
0
1 1.0 0.0 14.8138 0.0 1.0 -47.7551 14.8138 -47.7551 2493.62
0
1 1.0 0.0 17.5389 0.0 1.0 -37.7955 17.5389 -37.7955 1731.68
1 1.0 0.0 21.0467 0.0 1.0 -45.3546 21.0467 -45.3546 2493.62
1 1.0 0.0 17.9361 0.0 1.0 -28.0964 17.9361 -28.0964 1108.28
0
0
0
1 1.0 0.0 26.9011 0.0 1.0 -31.8189 26.9011 -31.8189 1731.68
0
0
0
1 1.0 0.0 37.0826 0.0 1.0 -33.5393 37.0826 -33.5393 2493.62
1 1.0 0.0 27.4814 0.0 1.0 -18.8649 27.4814 -18.8649 1108.28
1 1.0 0.0 34.3517 0.0 1.0 -23.5811 34.3517 -23.5811 1731.68
1 1.0 0.0 41.2221 0.0 1.0 -28.2974 41.2221 -28.2974 2493.62
1 1.0 0.0 29.7506 0.0 1.0 -15.0337 29.7506 -15.0337 1108.28
1 1.0 0.0 37.1883 0.0 1.0 -18.7921 37.1883 -18.7921 1731.68
1 1.0 0.0 44.6259 0.0 1.0 -22.5505 44.6259 -22.5505 2493.62
1 1.0 0.0 31.489 0.0 1.0 -10.9342 31.489 -10.9342 1108.28
0
0
0
1 1.0 0.0 40.8317 0.0 1.0 -8.29944 40.8317 -8.29944 1731.68
0
1 1.0 0.0 33.2589 0.0 1.0 -2.22644 33.2589 -2.22644 1108.28
1 1.0 0.0 41.5736 0.0 1.0 -2.78305 41.5736 -2.78305 1731.68
0
0
1 1.0 0.0 41.5736 0.0 1.0 2.783 41.5736 2.783 1731.68
1 1.0 0.0 49.8883 0.0 1.0 3.3396 49.8883 3.3396 2493.62
1 1.0 0.0 32.6654 0.0 1.0 6.63951 32.6654 6.63951 1108.28
1 1.0 0.0 40.8317 0.0 1.0 8.29939 40.8317 8.29939 1731.68
1 1.0 0.0 48.9981 0.0 1.0 9.95927 48.9981 9.95927 2493.62
1 1.0 0.0 31.489 0.0 1.0 10.9341 31.489 10.9341 1108.28
1 1.0 0.0 39.3612 0.0 1.0 13.6677 39.3612 13.6677 1731.68
1 1.0 0.0 47.2335 0.0 1.0 16.4012 47.2335 16.4012 2493.62
0
1 1.0 0.0 37.1883 0.0 1.0 18.7921 37.1883 18.7921 1731.68
0
1 1.0 0.0 27.4814 0.0 1.0 18.8649 27.4814 18.8649 1108.28
1 1.0 0.0 34.3518 0.0 1.0 23.5811 34.3518 23.5811 1731.68
0
0
0
1 1.0 0.0 37.0826 0.0 1.0 33.5392 37.0826 33.5392 2493.62
0
1 1.0 0.0 26.9012 0.0 1.0 31.8188 26.9012 31.8188 1731.68
1 1.0 0.0 32.2814 0.0 1.0 38.1826 32.2814 38.1826 2493.62
1 1.0 0.0 17.9361 0.0 1.0 28.0964 17.9361 28.0964 1108.28
0
0
1 1.0 0.0 14.0312 0.0 1.0 30.2364 14.0312 30.2364 1108.28
0
0
1 1.0 0.0 9.87588 0.0 1.0 31.8367 9.87588 31.8367 1108.28
1 1.0 0.0 12.3449 0.0 1.0 39.7959 12.3449 39.7959 1731.68
1 1.0 0.0 14.8138 0.0 1.0 47.7551 14.8138 47.7551 2493.62
1 1.0 0.0 5.54434 0.0 1.0 32.869 5.54434 32.869 1108.28
0
0
1 1.0 0.0 1.11386 0.0 1.0 33.3147 1.11386 33.3147 1108.28
0
0
0
1 1.0 0.0 -4.17061 0.0 1.0 41.4574 -4.17061 41.4574 1731.68
1 1.0 0.0 -5.00473 0.0 1.0 49.7489 -5.00473 49.7489 2493.62
0
0
1 1.0 0.0 -11.591 0.0 1.0 48.6379 -11.591 48.6379 2493.62
1 1.0 0.0 -11.9802 0.0 1.0 31.106 -11.9802 31.106 1108.28
0
1 1.0 0.0 -17.9703 0.0 1.0 46.659 -17.9703 46.659 2493.62
0
1 1.0 0.0 -20.0242 0.0 1.0 36.5396 -20.0242 36.5396 1731.68
1 1.0 0.0 -24.029 0.0 1.0 43.8475 -24.029 43.8475 2493.62
0
0
1 1.0 0.0 -29.6589 0.0 1.0 40.2535 -29.6589 40.2535 2493.62
1 1.0 0.0 -23.1731 0.0 1.0 23.9608 -23.1731 23.9608 1108.28
0
0
1 1.0 0.0 -26.16 0.0 1.0 20.6584 -26.16 20.6584 1108.28
0
0
0
1 1.0 0.0 -35.85 0.0 1.0 21.2341 -35.85 21.2341 1731.68
1 1.0 0.0 -43.02 0.0 1.0 25.4809 -43.02 25.4809 2493.62
0
1 1.0 0.0 -38.3604 0.0 1.0 16.2663 -38.3604 16.2663 1731.68
1 1.0 0.0 -46.0325 0.0 1.0 19.5195 -46.0325 19.5195 2493.62
1 1.0 0.0 -32.149 0.0 1.0 8.80655 -32.149 8.80655 1108.28
0
1 1.0 0.0 -48.2234 0.0 1.0 13.2098 -48.2234 13.2098 2493.62
0
0
1 1.0 0.0 -49.5539 0.0 1.0 6.66441 -49.5539 6.66441 2493.62

