17.8
1
1.3
14
40
0
0
1 1.0 0.0 -47.88 0.0 1.0 -14.405 -47.88 -14.405 2492.11
1 1.0 0.0 -45.2724 0.0 1.0 -21.2228 -45.2724 -21.2228 2492.11
0
1 1.0 0.0 -37.2386 0.0 1.0 -33.3659 -37.2386 -33.3659 2492.11
0
1 1.0 0.0 -26.047 0.0 1.0 -42.6796 -26.047 -42.6796 2492.11
1 1.0 0.0 -19.5552 0.0 1.0 -46.0173 -19.5552 -46.0173 2492.11
0
1 1.0 0.0 -5.46858 0.0 1.0 -49.7 -5.46858 -49.7 2492.11
1 1.0 0.0 1.82608 0.0 1.0 -49.9666 1.82608 -49.9666 2492.11
0
1 1.0 0.0 16.144 0.0 1.0 -47.322 16.144 -47.322 2492.11
0
1 1.0 0.0 29.0929 0.0 1.0 -40.6645 29.0929 -40.6645 2492.11
1 1.0 0.0 34.7037 0.0 1.0 -35.9952 34.7037 -35.9952 2492.11
0
0
1 1.0 0.0 46.7008 0.0 1.0 -17.8616 46.7008 -17.8616 2492.11
1 1.0 0.0 48.8038 0.0 1.0 -10.8715 48.8038 -10.8715 2492.11
0
0
1 1.0 0.0 48.8038 0.0 1.0 10.8715 48.8038 10.8715 2492.11
0
1 1.0 0.0 43.6025 0.0 1.0 24.4709 43.6025 24.4709 2492.11
1 1.0 0.0 39.5748 0.0 1.0 30.5587 39.5748 30.5587 2492.11
1 1.0 0.0 34.7037 0.0 1.0 35.9951 34.7037 35.9951 2492.11
0
0
1 1.0 0.0 16.1441 0.0 1.0 47.322 16.1441 47.322 2492.11
1 1.0 0.0 9.08189 0.0 1.0 49.1683 9.08189 49.1683 2492.11
0
0
1 1.0 0.0 -12.6466 0.0 1.0 48.3742 -12.6466 48.3742 2492.11
1 1.0 0.0 -19.5552 0.0 1.0 46.0173 -19.5552 46.0173 2492.11
1 1.0 0.0 -26.047 0.0 1.0 42.6797 -26.047 42.6797 2492.11
0
1 1.0 0.0 -37.2386 0.0 1.0 33.366 -37.2386 33.366 2492.11
0
0
1 1.0 0.0 -47.88 0.0 1.0 14.405 -47.88 14.405 2492.11
1 1.0 0.0 -49.4672 0.0 1.0 7.28012 -49.4672 7.28012 2492.11

